1 0.570312 0.794444 0.034375 0.088889
1 0.314063 0.786111 0.062500 0.077778
1 0.142187 0.829167 0.090625 0.086111
1 0.143750 0.927778 0.112500 0.127778
1 0.625781 0.726389 0.026562 0.069444
1 0.807031 0.720833 0.035937 0.058333
1 0.786719 0.665278 0.032813 0.041667
1 0.669531 0.668056 0.020313 0.041667
1 0.722656 0.651389 0.026562 0.041667
1 0.771875 0.625000 0.025000 0.033333
2 0.852344 0.622222 0.085938 0.088889
3 0.690625 0.566667 0.046875 0.061111
3 0.410156 0.922222 0.220312 0.155556
3 0.725781 0.780556 0.129688 0.177778
