1 0.966406 0.926389 0.067187 0.075000
1 0.900781 0.694444 0.054688 0.050000
1 0.815625 0.831944 0.065625 0.075000
1 0.698438 0.759722 0.050000 0.063889
1 0.692969 0.650000 0.045312 0.050000
1 0.787500 0.711111 0.053125 0.061111
1 0.701562 0.595833 0.037500 0.052778
1 0.778906 0.631944 0.048438 0.058333
1 0.601562 0.519444 0.031250 0.038889
1 0.546094 0.476389 0.029687 0.030556
1 0.517969 0.365278 0.023438 0.025000
1 0.479687 0.345833 0.018750 0.030556
1 0.496094 0.325000 0.023438 0.033333
3 0.558594 0.570833 0.085938 0.147222
