1 0.480469 0.958333 0.048438 0.077778
1 0.546094 0.822222 0.029687 0.094444
1 0.721875 0.733333 0.040625 0.061111
1 0.588281 0.706944 0.026562 0.041667
1 0.639844 0.716667 0.026562 0.055556
1 0.589063 0.659722 0.021875 0.030556
1 0.633594 0.668056 0.023438 0.047222
1 0.693750 0.675000 0.034375 0.038889
1 0.668750 0.626389 0.021875 0.036111
2 0.732031 0.613889 0.073438 0.077778
0 0.617188 0.658333 0.009375 0.038889
3 0.593750 0.569444 0.040625 0.055556
3 0.682813 0.875000 0.184375 0.227778
4 0.937500 0.568056 0.125000 0.119444
