1 0.078906 0.847222 0.067187 0.138889
1 0.359375 0.526389 0.043750 0.086111
1 0.382031 0.383333 0.023438 0.077778
1 0.404687 0.243056 0.025000 0.052778
1 0.452344 0.248611 0.032813 0.058333
1 0.507812 0.234722 0.031250 0.058333
1 0.403125 0.179167 0.025000 0.047222
1 0.445312 0.170833 0.025000 0.052778
1 0.479687 0.095833 0.021875 0.047222
1 0.404687 0.106944 0.021875 0.052778
2 0.533594 0.056944 0.057813 0.108333
0 0.429688 0.176389 0.009375 0.041667
0 0.789844 0.663889 0.023438 0.044444
0 0.780469 0.561111 0.026562 0.033333
4 0.778906 0.395833 0.289062 0.380556
4 0.892188 0.225000 0.215625 0.444444
3 0.461719 0.401389 0.117188 0.186111
3 0.329688 0.870833 0.253125 0.252778
