1 0.298438 0.952778 0.040625 0.094444
1 0.342969 0.708333 0.035937 0.122222
1 0.378125 0.466667 0.025000 0.072222
1 0.435937 0.465278 0.031250 0.075000
1 0.512500 0.437500 0.037500 0.069444
1 0.379688 0.354167 0.025000 0.063889
1 0.432031 0.343056 0.026562 0.063889
1 0.493750 0.320833 0.031250 0.058333
1 0.382031 0.241667 0.023438 0.055556
1 0.475781 0.219444 0.029687 0.055556
2 0.542188 0.161111 0.068750 0.138889
3 0.453906 0.794444 0.189062 0.322222
3 0.386719 0.166667 0.089063 0.133333
4 0.853906 0.748611 0.292187 0.502778
4 0.925000 0.316667 0.150000 0.522222
