4 0.279687 0.404167 0.209375 0.391667
2 0.176563 0.181944 0.081250 0.080556
1 0.100000 0.190278 0.031250 0.030556
1 0.051562 0.216667 0.034375 0.033333
1 0.049219 0.184722 0.029687 0.025000
1 0.058594 0.162500 0.032813 0.025000
1 0.099219 0.166667 0.026562 0.022222
1 0.099219 0.144444 0.026562 0.027778
3 0.265625 0.083333 0.018750 0.055556
3 0.289062 0.115278 0.025000 0.058333
3 0.320312 0.129167 0.018750 0.052778
3 0.353125 0.145833 0.021875 0.058333
3 0.387500 0.161111 0.021875 0.050000
3 0.436719 0.163889 0.020313 0.055556
3 0.335938 0.072222 0.018750 0.044444
4 0.056250 0.536111 0.106250 0.311111
