4 0.738281 0.619444 0.220312 0.255556
2 0.876563 0.355556 0.071875 0.100000
1 0.725000 0.379167 0.028125 0.030556
1 0.766406 0.350000 0.023438 0.050000
1 0.808594 0.318056 0.026562 0.030556
1 0.569531 0.322222 0.029687 0.033333
1 0.679688 0.297222 0.028125 0.033333
1 0.711719 0.275000 0.023438 0.027778
1 0.695312 0.330556 0.025000 0.033333
1 0.735156 0.306944 0.029687 0.030556
1 0.425000 0.237500 0.025000 0.025000
1 0.475781 0.254167 0.023438 0.030556
1 0.434375 0.270833 0.025000 0.036111
4 0.903906 0.911111 0.192188 0.177778
