1 0.384375 0.927778 0.028125 0.094444
1 0.403125 0.761111 0.028125 0.072222
1 0.414844 0.583333 0.023438 0.055556
1 0.453906 0.583333 0.023438 0.055556
1 0.506250 0.555556 0.025000 0.050000
1 0.410156 0.497222 0.020313 0.050000
1 0.447656 0.486111 0.020313 0.050000
1 0.491406 0.463889 0.023438 0.044444
1 0.407813 0.398611 0.018750 0.047222
1 0.477344 0.372222 0.023438 0.050000
2 0.525781 0.318056 0.051562 0.125000
4 0.738281 0.820833 0.204687 0.358333
4 0.876563 0.538889 0.246875 0.516667
4 0.757031 0.163889 0.217188 0.227778
3 0.479687 0.808333 0.118750 0.211111
