1 0.400000 0.188889 0.037500 0.038889
1 0.407031 0.243056 0.039062 0.052778
1 0.477344 0.215278 0.039062 0.041667
1 0.623437 0.331944 0.040625 0.058333
1 0.702344 0.315278 0.045312 0.052778
1 0.800781 0.291667 0.042188 0.061111
1 0.850000 0.262500 0.037500 0.047222
1 0.914844 0.229167 0.042188 0.058333
1 0.835938 0.351389 0.050000 0.063889
1 0.893750 0.313889 0.050000 0.050000
1 0.904687 0.441667 0.053125 0.061111
1 0.960938 0.394444 0.046875 0.061111
3 0.475000 0.401389 0.143750 0.236111
3 0.735156 0.419444 0.117188 0.211111
4 0.876563 0.880556 0.246875 0.238889
