1 0.518750 0.930556 0.050000 0.138889
1 0.396875 0.961111 0.040625 0.077778
1 0.311719 0.958333 0.042188 0.083333
1 0.322656 0.745833 0.039062 0.119444
1 0.402344 0.730556 0.039062 0.111111
1 0.492969 0.683333 0.039062 0.105556
1 0.339062 0.519444 0.028125 0.088889
1 0.471875 0.477778 0.034375 0.072222
0 0.371875 0.750000 0.021875 0.038889
2 0.563281 0.388889 0.101562 0.216667
3 0.347656 0.415278 0.139063 0.163889
3 0.410156 0.168056 0.023438 0.080556
3 0.485938 0.136111 0.015625 0.072222
3 0.537500 0.091667 0.015625 0.072222
3 0.449219 0.059722 0.017188 0.086111
3 0.587500 0.044444 0.021875 0.072222
4 0.867969 0.130556 0.264062 0.255556
