0 0.528906 0.779167 0.010937 0.019444
0 0.553125 0.519444 0.009375 0.022222
0 0.368750 0.720833 0.015625 0.019444
0 0.398438 0.472222 0.015625 0.022222
0 0.266406 0.687500 0.023438 0.025000
0 0.333594 0.455556 0.017188 0.022222
0 0.153906 0.629167 0.026562 0.025000
0 0.246875 0.423611 0.015625 0.030556
3 0.835156 0.493056 0.082812 0.136111
3 0.716406 0.451389 0.073438 0.119444
3 0.506250 0.411111 0.075000 0.116667
3 0.639062 0.433333 0.071875 0.138889
3 0.918750 0.405556 0.087500 0.127778
3 0.717187 0.361111 0.068750 0.100000
