1 0.423438 0.301389 0.028125 0.025000
1 0.429688 0.345833 0.025000 0.036111
1 0.478906 0.320833 0.026562 0.036111
1 0.580469 0.405556 0.026562 0.044444
1 0.632031 0.395833 0.026562 0.041667
1 0.700000 0.379167 0.028125 0.030556
1 0.720313 0.420833 0.028125 0.041667
1 0.756250 0.480556 0.031250 0.044444
1 0.799219 0.441667 0.029687 0.044444
1 0.735938 0.351389 0.021875 0.041667
1 0.760938 0.390278 0.028125 0.036111
1 0.782813 0.320833 0.025000 0.041667
1 0.846875 0.405556 0.034375 0.044444
2 0.924219 0.458333 0.076563 0.127778
4 0.789062 0.825000 0.271875 0.333333
3 0.822656 0.298611 0.067187 0.108333
3 0.933594 0.286111 0.045312 0.055556
