1 0.408594 0.440278 0.032813 0.041667
1 0.414844 0.502778 0.035937 0.044444
1 0.471875 0.465278 0.031250 0.047222
1 0.596094 0.587500 0.035937 0.052778
1 0.658594 0.562500 0.039062 0.052778
1 0.736719 0.531944 0.035937 0.041667
1 0.762500 0.594444 0.037500 0.055556
1 0.812500 0.680556 0.040625 0.055556
1 0.857812 0.625000 0.040625 0.050000
1 0.778125 0.495833 0.034375 0.047222
1 0.810156 0.554167 0.035937 0.058333
1 0.830469 0.452778 0.032813 0.050000
1 0.912500 0.568056 0.040625 0.063889
3 0.474219 0.713889 0.126562 0.238889
3 0.682813 0.686111 0.096875 0.194444
