4 0.678906 0.523611 0.154688 0.252778
4 0.828906 0.334722 0.229687 0.391667
4 0.716406 0.081944 0.173437 0.158333
1 0.406250 0.627778 0.028125 0.055556
1 0.255469 0.861111 0.035937 0.083333
1 0.415625 0.523611 0.021875 0.052778
1 0.425781 0.405556 0.020313 0.050000
1 0.457031 0.398611 0.020313 0.052778
1 0.500781 0.384722 0.023438 0.047222
1 0.422656 0.344444 0.017188 0.033333
1 0.451562 0.334722 0.025000 0.041667
1 0.488281 0.318056 0.020313 0.041667
1 0.477344 0.255556 0.023438 0.044444
1 0.415625 0.273611 0.015625 0.036111
2 0.517969 0.209722 0.051562 0.091667
