1 0.384375 0.962500 0.025000 0.069444
1 0.440625 0.965278 0.031250 0.069444
1 0.514844 0.940278 0.032813 0.102778
1 0.385937 0.819444 0.028125 0.077778
1 0.435937 0.804167 0.025000 0.075000
1 0.493750 0.765278 0.028125 0.075000
1 0.478125 0.616667 0.025000 0.061111
2 0.542188 0.543056 0.071875 0.163889
1 0.385156 0.652778 0.023438 0.061111
3 0.391406 0.569444 0.095312 0.122222
4 0.825781 0.301389 0.285938 0.280556
4 0.911719 0.788889 0.176563 0.422222
3 0.425781 0.362500 0.017188 0.052778
3 0.481250 0.326389 0.012500 0.041667
3 0.520312 0.279167 0.015625 0.052778
3 0.453125 0.245833 0.012500 0.047222
3 0.495312 0.204167 0.009375 0.047222
3 0.560937 0.236111 0.018750 0.050000
3 0.526563 0.168056 0.015625 0.052778
3 0.581250 0.197222 0.015625 0.044444
