0 0.632812 0.354167 0.012500 0.041667
4 0.774219 0.252778 0.254688 0.300000
4 0.935156 0.587500 0.129688 0.530556
2 0.910156 0.081944 0.067187 0.125000
1 0.567969 0.063889 0.029687 0.044444
1 0.685937 0.034722 0.025000 0.047222
1 0.721094 0.023611 0.026562 0.036111
1 0.748437 0.045833 0.028125 0.052778
1 0.830469 0.051389 0.032813 0.047222
1 0.784375 0.080556 0.028125 0.050000
1 0.414062 0.027778 0.031250 0.033333
1 0.742969 0.098611 0.029687 0.036111
3 0.632031 0.072222 0.064062 0.127778
3 0.466406 0.087500 0.085938 0.169444
