1 0.399219 0.740278 0.026562 0.075000
1 0.408594 0.608333 0.026562 0.061111
1 0.417187 0.472222 0.018750 0.044444
1 0.453125 0.469444 0.025000 0.055556
1 0.500781 0.447222 0.026562 0.050000
1 0.411719 0.401389 0.017188 0.041667
1 0.445312 0.388889 0.018750 0.038889
1 0.485938 0.372222 0.025000 0.038889
1 0.471875 0.294444 0.018750 0.038889
1 0.407813 0.320833 0.015625 0.041667
2 0.514844 0.250000 0.051562 0.100000
4 0.695312 0.618056 0.168750 0.286111
4 0.850781 0.400000 0.267188 0.422222
4 0.721094 0.104167 0.182812 0.186111
