0 0.260937 0.522222 0.015625 0.033333
0 0.168750 0.473611 0.018750 0.025000
0 0.092969 0.448611 0.023438 0.030556
0 0.055469 0.713889 0.029687 0.022222
0 0.153125 0.773611 0.021875 0.019444
4 0.606250 0.651389 0.381250 0.441667
4 0.555469 0.172222 0.110937 0.327778
4 0.663281 0.098611 0.085938 0.152778
2 0.493750 0.190278 0.025000 0.108333
2 0.832031 0.347222 0.095312 0.111111
1 0.774219 0.197222 0.026562 0.033333
1 0.806250 0.243056 0.028125 0.036111
1 0.850781 0.305556 0.035937 0.038889
1 0.803125 0.184722 0.021875 0.025000
1 0.832031 0.227778 0.026562 0.038889
1 0.828125 0.183333 0.021875 0.038889
1 0.856250 0.222222 0.021875 0.033333
1 0.798438 0.129167 0.025000 0.030556
1 0.808594 0.044444 0.026562 0.027778
1 0.785937 0.015278 0.015625 0.025000
